3.648333e+02 3.709667e+02 3.838333e+02 3.895333e+02 4.326333e+02 4.466667e+02 4.563667e+02 4.622667e+02 4.751000e+02 5.447667e+02 5.510000e+02 5.557333e+02 5.902333e+02 5.923333e+02 6.042667e+02 6.284333e+02 6.343666e+02 6.657333e+02 6.756000e+02 6.848333e+02 6.907333e+02 1.003767e+03 1.018600e+03 1.024033e+03 1.030733e+03 1.033500e+03 1.036433e+03 1.039667e+03 1.047800e+03 1.053267e+03 1.058600e+03 1.074700e+03 1.085867e+03 1.105033e+03 1.118167e+03 1.121500e+03 1.131000e+03 1.157533e+03 1.176933e+03 1.204000e+03 1.269767e+03 1.280967e+03 1.295133e+03 1.300467e+03 1.309233e+03 1.324167e+03 25.133331
2.986667e+01 3.240000e+01 3.816667e+01 4.023333e+01 4.626667e+01 4.930000e+01 5.863334e+01 6.386667e+01 7.133334e+01 7.463333e+01 1.052000e+02 1.289667e+02 1.371000e+02 1.455333e+02 1.477667e+02 1.583667e+02 1.610667e+02 1.699333e+02 1.853000e+02 1.874000e+02 2.358000e+02 2.434667e+02 2.492333e+02 2.542000e+02 2.749667e+02 3.012333e+02 3.280333e+02 3.354667e+02 3.406000e+02 3.622000e+02 7.023000e+02 7.275667e+02 7.299333e+02 7.377333e+02 7.763333e+02 8.104000e+02 8.164333e+02 8.223333e+02 8.457667e+02 8.558333e+02 8.608000e+02 8.728666e+02 8.754667e+02 8.977667e+02 9.080667e+02 9.223666e+02 9.430667e+02 9.535000e+02 9.583666e+02 9.667000e+02 9.964333e+02 9.988333e+02 25.133331
3.805333e+02 3.948333e+02 4.002000e+02 4.028000e+02 4.076667e+02 4.100667e+02 4.218000e+02 4.271667e+02 4.302000e+02 4.487333e+02 4.721000e+02 4.800333e+02 4.827333e+02 4.884667e+02 4.914667e+02 5.001667e+02 5.082667e+02 5.157667e+02 5.191000e+02 5.301667e+02 5.365667e+02 5.423333e+02 5.609000e+02 5.660000e+02 5.716667e+02 5.739333e+02 5.872333e+02 5.950333e+02 6.173000e+02 6.199333e+02 6.394000e+02 6.414333e+02 6.490000e+02 6.555000e+02 6.585333e+02 6.634000e+02 6.702000e+02 1.012933e+03 1.067833e+03 1.080967e+03 1.089167e+03 1.102433e+03 1.107533e+03 1.112733e+03 1.133967e+03 1.145000e+03 1.163800e+03 1.168967e+03 1.171733e+03 1.182133e+03 1.187967e+03 1.194933e+03 1.199600e+03 1.206700e+03 1.213767e+03 1.216733e+03 1.225367e+03 1.230033e+03 1.242733e+03 1.245067e+03 1.253267e+03 1.259367e+03 1.267633e+03 1.278400e+03 1.290333e+03 1.292733e+03 1.315033e+03 1.333700e+03 25.133331
7.686667e+01 7.996667e+01 8.896667e+01 1.078000e+02 1.155000e+02 1.205000e+02 1.236333e+02 1.526667e+02 1.969333e+02 2.001000e+02 2.027333e+02 2.083667e+02 2.170333e+02 2.220000e+02 2.250333e+02 2.308667e+02 2.565333e+02 2.587333e+02 2.795667e+02 2.849333e+02 2.898333e+02 2.983333e+02 3.064333e+02 3.136667e+02 3.188333e+02 3.217667e+02 3.429000e+02 3.476667e+02 6.994000e+02 7.103666e+02 7.195000e+02 7.350667e+02 7.488000e+02 7.508333e+02 7.539000e+02 7.610667e+02 7.661667e+02 7.689667e+02 7.789333e+02 8.248333e+02 8.350667e+02 8.401000e+02 8.480667e+02 8.635667e+02 8.658666e+02 8.926667e+02 9.030333e+02 9.140333e+02 9.277333e+02 9.347667e+02 9.399000e+02 9.454667e+02 9.797333e+02 9.821000e+02 9.879000e+02 25.133331
3.679000e+02 4.054000e+02 4.192333e+02 4.246333e+02 4.855000e+02 4.946333e+02 5.034000e+02 5.058667e+02 5.103333e+02 5.125667e+02 5.211334e+02 5.333333e+02 5.397667e+02 5.636667e+02 5.688666e+02 5.771667e+02 5.794333e+02 5.824000e+02 5.847667e+02 5.977667e+02 6.074333e+02 6.230000e+02 6.436667e+02 6.462333e+02 6.511667e+02 6.533333e+02 6.610333e+02 1.010033e+03 1.015533e+03 1.070033e+03 1.072500e+03 1.091467e+03 1.097267e+03 1.100333e+03 1.110700e+03 1.114833e+03 1.137233e+03 1.140600e+03 1.148367e+03 1.160500e+03 1.166600e+03 1.180100e+03 1.185333e+03 1.190300e+03 1.192733e+03 1.197367e+03 1.201767e+03 1.209167e+03 1.211433e+03 1.219233e+03 1.222133e+03 1.227467e+03 1.232733e+03 1.248100e+03 1.250533e+03 1.256133e+03 1.262367e+03 1.265067e+03 1.272767e+03 1.275233e+03 1.284200e+03 1.287467e+03 1.306067e+03 1.312067e+03 1.317867e+03 1.321067e+03 25.133301
2.516667e+01 2.763333e+01 8.253333e+01 8.570000e+01 9.903333e+01 1.176000e+02 1.316333e+02 1.558667e+02 1.822000e+02 1.936333e+02 2.055333e+02 2.115333e+02 2.147000e+02 2.281000e+02 2.518333e+02 2.617667e+02 2.716333e+02 2.772000e+02 2.820667e+02 2.875667e+02 3.036667e+02 3.085667e+02 3.108333e+02 3.161667e+02 3.331000e+02 3.452333e+02 3.596000e+02 7.051334e+02 7.081000e+02 7.225000e+02 7.430667e+02 7.462000e+02 7.564667e+02 7.636334e+02 7.714333e+02 8.078333e+02 8.323000e+02 8.372333e+02 8.508666e+02 8.801334e+02 9.304667e+02 9.327667e+02 9.374667e+02 9.475000e+02 9.852000e+02 9.909667e+02 25.133331
3.742333e+02 3.763333e+02 3.784333e+02 3.867333e+02 3.928333e+02 3.974667e+02 4.131667e+02 4.164333e+02 4.347333e+02 4.434667e+02 4.518667e+02 4.543333e+02 4.595333e+02 4.644333e+02 4.667333e+02 4.688333e+02 4.776000e+02 4.979667e+02 5.480667e+02 5.530333e+02 5.578000e+02 5.998333e+02 6.020333e+02 6.253000e+02 6.312667e+02 6.367000e+02 6.678333e+02 6.723333e+02 6.786000e+02 6.818000e+02 6.877667e+02 1.006700e+03 1.020733e+03 1.026233e+03 1.028533e+03 1.042467e+03 1.045367e+03 1.050333e+03 1.055967e+03 1.077967e+03 1.083733e+03 1.094767e+03 1.124800e+03 1.128067e+03 1.142933e+03 1.174367e+03 1.297800e+03 1.303267e+03 25.133331
3.543333e+01 4.300000e+01 5.136666e+01 5.346667e+01 5.643333e+01 6.113334e+01 6.643333e+01 6.920000e+01 1.022667e+02 1.099333e+02 1.128333e+02 1.257667e+02 1.345333e+02 1.399333e+02 1.430667e+02 1.502000e+02 1.641667e+02 1.671333e+02 1.723667e+02 1.904667e+02 2.197000e+02 2.330667e+02 2.391000e+02 2.413333e+02 2.459667e+02 2.931000e+02 2.960667e+02 3.248000e+02 3.302333e+02 3.375000e+02 3.574667e+02 6.938000e+02 6.965000e+02 7.252333e+02 7.327333e+02 7.397667e+02 7.589333e+02 7.742667e+02 8.133000e+02 8.195000e+02 8.278333e+02 8.432333e+02 8.533666e+02 8.581334e+02 8.680667e+02 8.708000e+02 8.779000e+02 8.831000e+02 8.952667e+02 9.003333e+02 9.054000e+02 9.107000e+02 9.173666e+02 9.253333e+02 9.506000e+02 9.556334e+02 9.612000e+02 9.636334e+02 9.699333e+02 9.933000e+02 1.001067e+03 25.133331
0
0
0
0
0
0
0
0
0
0
0
0
0
0
0
0
0
0
0
0
0
0
