Participant v1	order_num1
Scanner Trigger at time 201000
trial_number	shape1_win	shape2_win	shape1_loss	shape2_loss	outcome_order	button_pressed	reaction_time	stim_onset	interval_onset	win_outcome_onset	loss_outcome_onset	ITI_onset	trial_outcome	total	shape1_outcome	shape2_outcome
1	1	0	1	0	0	2	1262	2147	3633	4646	8661	12176	0	1.5	0	0
2	0	1	1	0	0	2	1215	13236	14662	15676	17690	21706	1	1.65	-1	1
3	0	1	1	0	1	1	1854	22722	24791	30820	25805	35335	-1	1.5	-1	1
4	1	0	1	0	1	2	793	36351	37357	40382	38367	44398	0	1.5	0	0
5	0	1	1	0	1	2	458	45414	46084	52613	47097	57627	1	1.65	-1	1
6	0	1	1	0	1	2	692	58643	59549	62575	60559	66091	1	1.8	-1	1
7	0	1	0	1	1	2	1100	67107	68422	74955	69440	78970	0	1.8	0	0
8	0	1	0	1	0	2	493	79986	80694	81702	83717	88733	0	1.8	0	0
9	1	0	1	0	0	2	650	89749	90614	91631	95147	97662	0	1.8	0	0
10	0	1	1	0	1	2	415	98679	99310	103844	100329	107360	1	1.95	-1	1
11	0	1	1	0	0	2	407	108376	108996	110009	112024	116540	1	2.1	-1	1
12	0	1	1	0	1	2	882	117556	118651	123671	119655	126686	1	2.25	-1	1
13	0	1	1	0	0	2	704	127703	128621	129635	132151	134666	1	2.4	-1	1
14	0	1	1	0	0	2	371	135683	136264	137283	139298	144314	1	2.55	-1	1
15	0	1	1	0	1	2	428	145330	145975	148994	146979	154510	1	2.7	-1	1
16	0	1	1	0	0	2	1255	155526	156994	158009	160024	165540	1	2.85	-1	1
17	1	0	1	0	1	2	746	166555	167515	174037	168522	177052	0	2.85	0	0
18	1	0	0	1	0	2	1017	178068	179300	180317	182333	184849	-1	2.7	1	-1
19	1	0	1	0	0	1	675	185866	186751	187765	190780	195296	0	2.7	0	0
20	1	0	1	0	0	1	469	196312	197008	198011	201027	206042	0	2.7	0	0
21	1	0	1	0	0	1	434	207058	207714	208724	212740	214755	0	2.7	0	0
22	1	0	1	0	1	1	409	215772	216404	220437	217421	222952	0	2.7	0	0
23	1	0	0	1	1	2	723	223969	224911	230434	225918	234949	-1	2.55	1	-1
24	1	0	1	0	1	1	383	235964	236563	240096	237581	244612	0	2.55	0	0
25	1	0	0	1	1	1	496	245628	246345	249876	247361	255392	1	2.7	1	-1
26	0	1	0	1	0	1	428	256408	257054	258057	262072	267588	0	2.7	0	0
27	1	0	0	1	1	1	392	268603	269210	273735	270219	276750	1	2.85	1	-1
28	1	0	0	1	0	1	444	277767	278427	279433	283448	288963	1	3	1	-1
29	1	0	0	1	1	1	792	289979	290992	296510	291995	298525	1	3.15	1	-1
30	0	1	0	1	1	1	820	299542	300581	305107	301592	307622	0	3.15	0	0
31	1	0	1	0	0	1	435	308639	309294	310305	315321	318835	0	3.15	0	0
32	1	0	0	1	1	1	622	319852	320692	324717	321701	327732	1	3.3	1	-1
33	1	0	0	1	1	1	838	328749	329800	332830	330815	335346	1	3.45	1	-1
34	0	1	1	0	0	1	471	336363	337048	338062	343578	347092	-1	3.3	-1	1
35	0	1	0	1	0	2	437	348109	348763	349775	353790	358305	0	3.3	0	0
36	0	1	0	1	1	2	392	359322	359937	366470	360954	368484	0	3.3	0	0
37	1	0	0	1	1	2	476	369502	370192	373716	371201	376732	-1	3.15	1	-1
38	0	1	0	1	1	1	405	377748	378375	384397	379381	386911	0	3.15	0	0
39	0	1	1	0	1	1	353	387928	388500	394526	389511	397541	-1	3	-1	1
40	0	1	0	1	1	2	355	398558	399128	405656	400141	408671	0	3	0	0
41	0	1	0	1	0	2	353	409687	410259	411270	413785	415801	0	3	0	0
42	0	1	0	1	0	1	2582	416818	419623	420633	423149	427164	0	3	0	0
43	0	1	0	1	0	1	339	428181	428741	429747	432762	437778	0	3	0	0
44	0	1	0	1	1	1	606	438794	439616	444142	440626	446657	0	3	0	0
45	0	1	0	1	0	1	1958	447674	449852	450856	456371	460386	0	3	0	0
46	0	1	0	1	1	1	405	461402	462026	467551	463035	470566	0	3	0	0
47	0	1	0	1	0	1	377	471582	472179	473198	478214	480229	0	3	0	0
48	0	1	0	1	1	1	457	481245	481923	485944	482928	489459	0	3	0	0
49	0	1	1	0	0	1	588	490476	491282	492292	497307	502822	-1	2.85	-1	1
50	1	0	0	1	0	2	913	503837	504970	505987	509502	511518	-1	2.7	1	-1
51	0	1	1	0	1	1	512	512535	513256	519783	514267	523297	-1	2.55	-1	1
52	0	1	0	1	0	1	836	524314	525366	526380	531395	533410	0	2.55	0	0
53	1	0	1	0	1	1	1171	534427	535814	540842	536826	543357	0	2.55	0	0
54	0	1	1	0	1	2	392	544374	544986	550005	545990	553020	1	2.7	-1	1
55	0	1	1	0	0	2	321	554037	554574	555586	557602	560617	1	2.85	-1	1
56	0	1	1	0	1	2	1731	561634	563587	568115	564600	572130	1	3	-1	1
57	1	0	1	0	1	2	442	573147	573808	576828	574813	579344	0	3	0	0
58	1	0	1	0	1	2	444	580361	581026	587059	582044	589074	0	3	0	0
59	1	0	1	0	0	2	658	590091	590964	591974	595489	598505	0	3	0	0
60	1	0	1	0	0	2	388	599521	600126	601137	605152	607168	0	3	0	0
61	1	0	1	0	1	2	444	608184	608849	614383	609867	617398	0	3	0	0
62	0	1	1	0	0	2	366	618414	618996	620014	623529	628545	1	3.15	-1	1
63	1	0	1	0	1	2	419	629560	630194	634725	631210	640240	0	3.15	0	0
64	1	0	1	0	1	2	411	641256	641888	647921	642906	651436	0	3.15	0	0
65	1	0	0	1	0	2	375	652452	653041	654052	657067	661083	-1	3	1	-1
66	0	1	0	1	1	1	536	662099	662849	667380	663865	669896	0	3	0	0
67	1	0	0	1	0	1	402	670913	671526	672529	676044	680059	1	3.15	1	-1
68	1	0	0	1	1	1	583	681076	681879	687907	682892	689922	1	3.3	1	-1
69	1	0	0	1	0	1	496	690939	691650	692655	695170	697686	1	3.45	1	-1
70	1	0	0	1	1	1	660	698703	699577	702601	700585	708117	1	3.6	1	-1
71	1	0	0	1	0	1	422	709133	709771	710782	714297	716813	1	3.75	1	-1
72	1	0	1	0	0	1	508	717829	718550	719562	723078	725593	0	3.75	0	0
73	1	0	0	1	0	1	352	726610	727175	728193	733208	737723	1	3.9	1	-1
74	0	1	0	1	1	1	679	738739	739634	746154	740638	750668	0	3.9	0	0
75	0	1	0	1	0	1	421	751684	752314	753317	757332	762348	0	3.9	0	0
76	1	0	0	1	0	1	422	763364	764001	765013	770028	773543	1	4.05	1	-1
77	1	0	0	1	1	1	553	774560	775329	779858	776342	782873	1	4.2	1	-1
78	1	0	1	0	0	1	391	783890	784493	785506	789521	793036	0	4.2	0	0
79	1	0	0	1	0	1	500	794053	794773	795786	797801	803317	1	4.35	1	-1
80	0	1	1	0	0	1	364	804333	804917	805932	810447	815962	-1	4.2	-1	1
81	0	1	0	1	0	1	1645	819009	820919	821927	823942	826958	0	4.2	0	0
82	1	0	1	0	1	1	385	827974	828575	832606	829591	834621	0	4.2	0	0
83	1	0	1	0	0	1	401	835646	836266	837271	841286	843302	0	4.2	0	0
84	0	1	0	1	1	1	601	844319	845140	851667	846151	854181	0	4.2	0	0
85	1	0	0	1	1	1	825	855198	856236	861263	857248	863778	1	4.35	1	-1
86	0	1	0	1	0	1	460	864795	865468	866478	871993	874008	0	4.35	0	0
87	1	0	0	1	0	1	334	875025	875577	876591	880606	886121	1	4.5	1	-1
88	1	0	0	1	0	1	358	887137	887705	888720	890735	895751	1	4.65	1	-1
89	0	1	1	0	1	1	351	896767	897327	902348	898333	906864	-1	4.5	-1	1
90	1	0	0	1	0	2	366	907880	908452	909462	913478	917993	-1	4.35	1	-1
91	0	1	0	1	1	1	373	919009	919589	923607	920592	929123	0	4.35	0	0
92	0	1	0	1	1	1	411	930139	930757	934287	931772	936302	0	4.35	0	0
93	1	0	0	1	0	1	358	937320	937887	938902	940918	942933	1	4.5	1	-1
94	1	0	0	1	0	1	343	943950	944502	945516	949532	952047	1	4.65	1	-1
95	0	1	0	1	1	1	501	953064	953772	957795	954780	961311	0	4.65	0	0
96	1	0	0	1	1	1	494	962328	963030	968059	964044	973074	1	4.8	1	-1
97	1	0	1	0	0	1	363	974090	974667	975673	978188	983704	0	4.8	0	0
98	0	1	1	0	1	1	357	984720	985283	989818	986302	995333	-1	4.65	-1	1
99	1	0	1	0	0	1	400	996349	996958	997965	999980	1005496	0	4.65	0	0
100	0	1	1	0	1	1	404	1006512	1007124	1011643	1008128	1015159	-1	4.5	-1	1
101	1	0	0	1	1	2	293	1016175	1016675	1021707	1017691	1027222	-1	4.35	1	-1
102	1	0	1	0	0	2	382	1028238	1028826	1029838	1032352	1035868	0	4.35	0	0
103	0	1	1	0	1	2	335	1036884	1037428	1043450	1038434	1047964	1	4.5	-1	1
104	1	0	1	0	1	1	615	1048981	1049804	1054329	1050813	1057344	0	4.5	0	0
105	0	1	1	0	0	2	1970	1058360	1060547	1061559	1066075	1068090	1	4.65	-1	1
106	1	0	1	0	0	2	576	1069107	1069891	1070906	1075921	1079936	0	4.65	0	0
107	0	1	1	0	1	1	434	1080953	1081596	1086617	1082602	1091133	-1	4.5	-1	1
108	0	1	1	0	1	2	502	1092149	1092859	1095880	1093865	1098396	1	4.65	-1	1
109	1	0	1	0	1	2	365	1099413	1099987	1106011	1100996	1111526	0	4.65	0	0
110	0	1	1	0	0	2	420	1112541	1113172	1114191	1117706	1119722	1	4.8	-1	1
111	1	0	0	1	0	2	319	1120739	1121266	1122272	1127787	1129802	-1	4.65	1	-1
112	0	1	1	0	0	1	431	1130819	1131458	1132468	1134983	1140499	-1	4.5	-1	1
113	0	1	0	1	1	1	1599	1141515	1143324	1146346	1144331	1150362	0	4.5	0	0
114	1	0	0	1	0	1	839	1151378	1152428	1153444	1157959	1163474	1	4.65	1	-1
115	0	1	0	1	1	2	1063	1164490	1165761	1172288	1166776	1175803	0	4.65	0	0
116	1	0	1	0	0	1	613	1176819	1177640	1178652	1182667	1184682	0	4.65	0	0
117	0	1	0	1	0	1	429	1185699	1186341	1187349	1192864	1197379	0	4.65	0	0
118	1	0	1	0	1	1	357	1198395	1198958	1205476	1199961	1207491	0	4.65	0	0
119	0	1	0	1	0	1	412	1208508	1209130	1210141	1212156	1214672	0	4.65	0	0
120	1	0	0	1	1	1	447	1215689	1216344	1222370	1217355	1224385	1	4.8	1	-1
121	0	1	0	1	1	1	389	1225402	1226004	1229534	1227018	1234549	0	4.8	0	0
122	1	0	0	1	0	2	1266	1235565	1237040	1238048	1243563	1245578	-1	4.65	1	-1
123	1	0	0	1	1	1	644	1246595	1247446	1252976	1248461	1257991	1	4.8	1	-1
124	0	1	0	1	0	1	336	1259007	1259551	1260556	1264572	1269587	0	4.8	0	0
125	1	0	0	1	1	1	388	1270603	1271201	1277234	1272219	1280749	1	4.95	1	-1
126	0	1	0	1	0	1	425	1281766	1282397	1283415	1287431	1291946	0	4.95	0	0
127	1	0	0	1	1	1	404	1292962	1293573	1298593	1294578	1300608	1	5.1	1	-1
128	0	1	0	1	1	1	485	1301625	1302317	1308340	1303325	1312855	0	5.1	0	0
129	0	1	0	1	0	1	511	1313871	1314591	1315604	1320619	1326134	0	5.1	0	0
130	0	1	0	1	1	1	376	1327150	1327733	1331765	1328749	1333780	0	5.1	0	0
131	1	0	0	1	1	1	408	1334797	1335412	1339445	1336430	1343961	1	5.25	1	-1
132	0	1	1	0	0	1	452	1344977	1345638	1346643	1348658	1354174	-1	5.1	-1	1
133	1	0	0	1	1	2	567	1355190	1355965	1358988	1356973	1361004	-1	4.95	1	-1
134	0	1	0	1	1	2	416	1362021	1362643	1369169	1363654	1372684	0	4.95	0	0
135	0	1	0	1	0	2	704	1373700	1374611	1375616	1378632	1383647	0	4.95	0	0
136	1	0	0	1	1	2	1477	1384663	1386348	1389377	1387362	1393393	-1	4.8	1	-1
137	0	1	1	0	0	1	419	1394410	1395037	1396042	1399058	1404073	-1	4.65	-1	1
138	1	0	1	0	0	1	371	1405089	1405669	1406672	1411687	1416702	0	4.65	0	0
139	1	0	1	0	1	1	414	1417718	1418340	1423366	1419351	1428381	0	4.65	0	0
140	0	1	1	0	1	1	390	1429397	1429998	1434529	1431014	1436544	-1	4.5	-1	1
141	0	1	1	0	0	1	402	1437561	1438172	1439177	1441193	1444709	-1	4.35	-1	1
142	1	0	1	0	1	2	542	1445725	1446474	1453007	1447491	1457521	0	4.35	0	0
143	1	0	1	0	1	2	354	1458537	1459097	1464619	1460103	1468134	0	4.35	0	0
144	1	0	0	1	0	2	500	1469150	1469861	1470866	1474883	1477897	-1	4.2	1	-1
145	0	1	1	0	0	2	353	1478913	1479475	1480480	1484495	1489010	1	4.35	-1	1
146	0	1	1	0	0	2	344	1490026	1490578	1491592	1494108	1496123	1	4.5	-1	1
147	1	0	1	0	1	2	374	1497140	1497721	1503739	1498723	1506753	0	4.5	0	0
148	0	1	1	0	1	2	368	1507770	1508347	1511368	1509353	1513384	1	4.65	-1	1
149	0	1	0	1	0	2	433	1514401	1515041	1516051	1519566	1523581	0	4.65	0	0
150	1	0	1	0	0	2	460	1524597	1525265	1526280	1530296	1535811	0	4.65	0	0
151	0	1	1	0	0	2	335	1536826	1537370	1538376	1542891	1546406	1	4.8	-1	1
152	0	1	1	0	1	2	370	1547423	1547999	1552521	1549005	1556536	1	4.95	-1	1
153	1	0	0	1	0	2	400	1557553	1558160	1559169	1562684	1565199	-1	4.8	1	-1
154	1	0	1	0	0	1	352	1566216	1566777	1567783	1571798	1575813	0	4.8	0	0
155	0	1	1	0	1	1	339	1576829	1577377	1580411	1578395	1582927	-1	4.65	-1	1
156	1	0	1	0	1	1	401	1583943	1584551	1588575	1585559	1593090	0	4.65	0	0
157	0	1	0	1	0	1	1053	1594107	1595369	1596372	1601888	1607402	0	4.65	0	0
158	1	0	1	0	0	1	318	1608418	1608944	1609951	1615466	1619481	0	4.65	0	0
159	1	0	1	0	1	1	462	1620497	1621166	1627696	1622180	1632210	0	4.65	0	0
160	0	1	1	0	0	1	381	1633226	1633814	1634826	1639341	1641856	-1	4.5	-1	1
161	1	0	1	0	0	1	2464	1643848	1646511	1647521	1653037	1657551	0	4.5	0	0
162	1	0	0	1	1	1	391	1658567	1659168	1665199	1660183	1667214	1	4.65	1	-1
163	1	0	0	1	1	1	592	1668231	1669033	1673562	1670047	1678077	1	4.8	1	-1
164	1	0	1	0	0	1	385	1679093	1679686	1680693	1685208	1690223	0	4.8	0	0
165	1	0	0	1	1	1	343	1691239	1691790	1696821	1692806	1700836	1	4.95	1	-1
166	0	1	0	1	0	1	466	1701852	1702526	1703535	1708050	1713565	0	4.95	0	0
167	0	1	1	0	0	1	376	1714581	1715165	1716181	1719196	1721711	-1	4.8	-1	1
168	1	0	0	1	1	2	341	1722728	1723277	1729810	1724294	1732324	-1	4.65	1	-1
169	1	0	1	0	0	1	392	1733341	1733940	1734958	1737973	1743488	0	4.65	0	0
170	1	0	0	1	0	1	973	1744504	1745683	1746687	1748702	1753718	1	4.8	1	-1
171	1	0	1	0	0	1	415	1754734	1755360	1756367	1760882	1764897	0	4.8	0	0
172	1	0	1	0	1	1	611	1765913	1766753	1772778	1767763	1777793	0	4.8	0	0
173	1	0	0	1	0	1	364	1778809	1779382	1780391	1782407	1786423	1	4.95	1	-1
174	1	0	1	0	1	1	357	1787439	1788004	1792037	1789022	1795553	0	4.95	0	0
175	1	0	0	1	0	1	699	1796569	1797476	1798485	1801000	1806016	1	5.1	1	-1
176	1	0	0	1	1	1	524	1807032	1807763	1812797	1808782	1814812	1	5.25	1	-1
177	0	1	1	0	0	1	454	1815829	1816493	1817512	1822527	1825542	-1	5.1	-1	1
178	1	0	0	1	0	2	357	1826559	1827126	1828141	1831157	1836672	-1	4.95	1	-1
179	1	0	1	0	1	2	515	1837688	1838413	1844436	1839421	1849951	0	4.95	0	0
180	1	0	0	1	0	1	772	1850967	1851948	1852966	1857981	1862996	1	5.1	1	-1
181	0	1	1	0	0	2	654	1864012	1864878	1865895	1870910	1872925	1	5.25	-1	1
182	0	1	1	0	0	1	628	1873942	1874783	1875792	1878307	1880322	-1	5.1	-1	1
183	0	1	0	1	1	2	1327	1881339	1882875	1887904	1883889	1890919	0	5.1	0	0
184	1	0	1	0	0	2	458	1891936	1892604	1893619	1898634	1903649	0	5.1	0	0
185	0	1	1	0	1	2	673	1904664	1905549	1909580	1906564	1911595	1	5.25	-1	1
186	0	1	0	1	1	2	1366	1912612	1914188	1918210	1915194	1920725	0	5.25	0	0
187	0	1	0	1	0	2	427	1921742	1922380	1923391	1925907	1930922	0	5.25	0	0
188	0	1	1	0	0	2	599	1931938	1932748	1933755	1936770	1942285	1	5.4	-1	1
189	0	1	0	1	1	2	476	1943301	1943988	1947516	1945001	1949531	0	5.4	0	0
190	0	1	0	1	0	2	636	1950549	1951396	1952415	1954430	1958446	0	5.4	0	0
191	0	1	1	0	1	2	914	1959462	1960586	1966610	1961595	1968625	1	5.55	-1	1
192	0	1	0	1	0	1	550	1969642	1970403	1971408	1976923	1981938	0	5.55	0	0
193	1	0	1	0	1	2	398	1982954	1983563	1989085	1984570	1993100	0	5.55	0	0
194	1	0	1	0	0	2	403	1994117	1994730	1995733	2001248	2003763	0	5.55	0	0
195	0	1	0	1	1	2	372	2004780	2005361	2011894	2006379	2014409	0	5.55	0	0
196	0	1	0	1	0	2	1093	2015426	2016728	2017742	2021757	2027272	0	5.55	0	0
197	0	1	1	0	0	2	367	2028289	2028864	2029873	2035386	2037901	1	5.7	-1	1
198	0	1	0	1	1	2	497	2038918	2039623	2043649	2040634	2047665	0	5.7	0	0
199	0	1	1	0	1	2	798	2048681	2049688	2056212	2050698	2058727	1	5.85	-1	1
200	0	1	0	1	0	2	871	2059744	2060824	2061844	2066858	2070373	0	5.85	0	0
201	1	0	0	1	0	2	720	2071390	2072319	2073322	2075838	2080853	-1	5.7	1	-1
202	0	1	1	0	1	1	721	2081869	2082797	2088318	2083802	2091332	-1	5.55	-1	1
203	1	0	1	0	1	1	433	2092349	2092990	2096014	2093998	2100030	0	5.55	0	0
204	1	0	1	0	1	1	592	2101046	2101846	2106877	2102862	2110892	0	5.55	0	0
205	1	0	0	1	0	1	369	2111909	2112487	2113492	2117007	2119522	1	5.7	1	-1
206	1	0	1	0	1	1	346	2120539	2121095	2125621	2122106	2131136	0	5.7	0	0
207	1	0	0	1	1	1	381	2132152	2132742	2138267	2133751	2142282	1	5.85	1	-1
208	1	0	0	1	1	1	627	2143298	2144134	2149663	2145147	2155178	1	6	1	-1
209	0	1	0	1	1	1	731	2156193	2157134	2160658	2158143	2163674	0	6	0	0
210	1	0	1	0	1	1	402	2164690	2165301	2170322	2166307	2175337	0	6	0	0
211	0	1	0	1	0	1	875	2176353	2177437	2178453	2180967	2183983	0	6	0	0
212	1	0	1	0	0	1	476	2185000	2185684	2186699	2191715	2196729	0	6	0	0
213	1	0	1	0	1	1	450	2197745	2198407	2201427	2199412	2204943	0	6	0	0
214	1	0	1	0	0	1	476	2205959	2206645	2207659	2212174	2217189	0	6	0	0
215	1	0	1	0	1	1	358	2218205	2218771	2224803	2219788	2226818	0	6	0	0
216	1	0	0	1	0	1	744	2227835	2228787	2229801	2232816	2238332	1	6.15	1	-1
217	1	0	1	0	0	1	367	2239347	2239927	2240930	2246446	2250960	0	6.15	0	0
218	1	0	0	1	1	1	914	2251976	2253101	2259624	2254109	2263139	1	6.3	1	-1
219	1	0	0	1	1	1	567	2264155	2264933	2267954	2265938	2271470	1	6.45	1	-1
220	1	0	0	1	1	1	4444	2272486	2277139	2280666	2278151	2282682	1	6.60000000000001	1	-1
221	0	1	1	0	0	1	1495	2283699	2285401	2286414	2291430	2293445	-1	6.45	-1	1
222	1	0	0	1	0	2	1908	2294462	2296581	2297594	2301109	2306625	-1	6.3	1	-1
223	0	1	1	0	1	1	2161	2307640	2310012	2314538	2311023	2316553	-1	6.15	-1	1
224	0	1	1	0	0	2	375	2317570	2318153	2319170	2321685	2324201	1	6.3	-1	1
225	0	1	0	1	1	2	375	2325218	2325800	2329832	2326817	2335348	0	6.3	0	0
226	0	1	0	1	0	2	397	2336363	2336972	2337980	2341995	2347010	0	6.3	0	0
227	0	1	1	0	1	2	342	2348026	2348594	2354624	2349609	2358139	1	6.45	-1	1
228	0	1	1	0	1	2	397	2359156	2359764	2363787	2360772	2368302	1	6.60000000000001	-1	1
229	0	1	0	1	1	2	657	2369319	2370184	2374217	2371202	2379732	0	6.60000000000001	0	0
230	1	0	0	1	0	2	452	2380748	2381408	2382415	2385430	2390445	-1	6.45	1	-1
231	0	1	1	0	0	2	1730	2391461	2393400	2394411	2397925	2401941	1	6.60000000000001	-1	1
232	0	1	0	1	1	2	354	2402957	2403523	2407555	2404541	2412571	0	6.60000000000001	0	0
233	0	1	1	0	1	2	364	2413586	2414160	2419685	2415170	2421700	1	6.75000000000001	-1	1
234	0	1	0	1	0	2	842	2422717	2423768	2424783	2428798	2430813	0	6.75000000000001	0	0
235	0	1	1	0	0	2	376	2431830	2432417	2433430	2435445	2439461	1	6.90000000000001	-1	1
236	1	0	1	0	0	2	665	2440477	2441353	2442360	2447375	2450890	0	6.90000000000001	0	0
237	0	1	1	0	1	2	372	2451907	2452488	2456021	2453506	2460537	1	7.05000000000001	-1	1
238	0	1	1	0	1	2	717	2461553	2462479	2465501	2463486	2470517	1	7.20000000000001	-1	1
239	0	1	0	1	0	2	561	2471533	2472304	2473316	2478331	2480846	0	7.20000000000001	0	0
240	0	1	0	1	1	2	1015	2481863	2483089	2489111	2484096	2494626	0	7.20000000000001	0	0
